Now the scores for the adversarial examples created by our network for the fc net (black-box).

0 [0.05877913 0.01591519 0.6059366  0.96270746 0.00231174 0.41980547
 0.01317467 0.1945288  0.3232576  0.10295683]
1 [6.8823050e-04 7.4350407e-07 4.4432890e-02 9.9984002e-01 1.1229281e-06
 9.8979771e-01 3.9122930e-05 6.4705720e-04 2.2827242e-01 1.2227631e-01]
2 [2.0495703e-05 6.0962734e-06 4.4688600e-01 9.9995613e-01 1.1776432e-07
 6.0836697e-01 1.4579266e-06 5.4606283e-03 1.1540348e-01 6.1128223e-03]
3 [1.6466048e-06 5.5332030e-06 7.1068817e-01 9.9998891e-01 1.2473334e-08
 2.0184138e-01 1.0894225e-07 9.7925793e-03 8.0448076e-02 1.2571333e-03]
4 [0.27252436 0.05956387 0.64972407 0.8594419  0.01274843 0.34597367
 0.07669801 0.374638   0.39253458 0.18789747]
5 [1.5180642e-02 1.0732048e-02 7.2851646e-01 9.8425204e-01 5.5801729e-04
 2.4834366e-01 3.9108223e-03 1.9213837e-01 3.1017029e-01 4.9440853e-02]
6 [0.20657197 0.12122905 0.78177416 0.8382791  0.02140305 0.21784441
 0.10101975 0.4316194  0.3834854  0.10665417]
7 [0.22910915 0.00218364 0.14038554 0.91541445 0.00553121 0.923186
 0.05785524 0.02372449 0.48182273 0.3675663 ]
8 [3.8741629e-03 2.2189273e-04 1.7859027e-01 9.9698764e-01 1.3061552e-04
 8.6280555e-01 6.1732507e-04 1.3194426e-02 3.8624200e-01 1.5628694e-01]
9 [0.03142137 0.00484307 0.3420504  0.9744076  0.00176277 0.5722772
 0.00494128 0.1300866  0.43006426 0.24039063]
