0 [9.78767395e-01 2.54253700e-05 1.06392726e-02 1.13833789e-02
 7.01421965e-03 1.38713885e-02 1.11260470e-02 8.27130023e-03
 1.54854199e-02 6.35021226e-03]
1 [3.6884553e-04 9.9453521e-01 4.6057538e-03 5.2676369e-03 5.2410839e-03
 5.3107343e-03 3.9703799e-03 4.1922471e-03 1.9866396e-03 2.0578378e-04]
2 [2.7055218e-04 1.2034425e-03 9.9651849e-01 4.4983584e-03 4.1027670e-03
 5.6306231e-03 4.9696132e-03 5.4429984e-03 8.4642032e-03 1.9811242e-04]
3 [6.6704638e-07 3.2353622e-03 2.2751486e-03 9.9936742e-01 2.4805854e-03
 4.0029921e-03 1.6945103e-03 3.2501472e-03 3.8639340e-03 3.8488770e-03]
4 [3.1547120e-04 3.9747325e-03 5.2608522e-03 3.9176936e-03 9.9640852e-01
 7.0172455e-03 4.4298857e-03 5.7286872e-03 1.0696190e-02 5.7397657e-03]
5 [0.00200592 0.00210634 0.00841839 0.01131465 0.00534858 0.9970367
 0.00677321 0.00631799 0.0129451  0.00696439]
6 [3.2831859e-03 1.9883022e-03 5.8907368e-03 7.3424443e-03 3.5572133e-03
 5.3591868e-03 9.9993527e-01 3.8616627e-03 6.4407815e-03 1.1023811e-04]
7 [0.00317204 0.0038118  0.00998867 0.00722532 0.00517269 0.0079506
 0.00501313 0.9962559  0.0064078  0.0044176 ]
8 [4.5874498e-05 1.6314649e-03 4.9649864e-03 3.7558458e-03 2.7556666e-03
 3.6993870e-03 2.0904655e-03 3.5752403e-03 9.9708325e-01 2.9426618e-03]
9 [2.2136266e-03 6.6364545e-04 4.0064822e-03 4.1779606e-03 3.5769751e-03
 4.5019966e-03 3.3065761e-03 3.4115920e-03 5.0764880e-03 9.9619687e-01]
