0 [7.2646111e-01 4.8042592e-04 1.1623392e-01 1.0053798e-01 2.8093141e-03
 9.6997702e-03 8.6043979e-04 2.3279868e-01 1.7643560e-01 1.0823961e-01]
1 [7.3669031e-03 7.8452015e-01 8.5757077e-02 1.1645330e-01 7.8954414e-02
 1.6596096e-02 7.7292643e-05 2.0760222e-01 7.5230591e-02 1.0197759e-01]
2 [4.4798151e-02 1.3822880e-02 8.6160123e-01 8.9415260e-02 2.1558885e-02
 3.7237494e-03 3.7044185e-04 1.8570249e-01 1.5446174e-01 6.1126530e-02]
3 [7.95960706e-03 9.09306016e-03 7.58571774e-02 9.11802053e-01
 1.84914060e-02 4.77740020e-02 1.10946246e-04 1.84093744e-01
 1.13543093e-01 1.00613005e-01]
4 [1.3895081e-03 6.6926025e-02 5.7420570e-02 1.0205145e-01 8.4118372e-01
 2.3779195e-02 1.5891697e-05 2.7619311e-01 1.3727874e-01 1.5672967e-01]
5 [1.3338533e-02 3.3119333e-03 4.6915703e-02 1.8901421e-01 1.1967196e-02
 7.8503180e-01 3.5351457e-04 2.4668963e-01 1.6767070e-01 9.6295662e-02]
6 [4.2330451e-02 6.8059680e-04 6.2951393e-02 3.9305586e-02 2.8087718e-03
 9.7114705e-03 7.1007788e-01 1.7636974e-01 1.2193961e-01 9.3278095e-02]
7 [2.91054370e-03 7.22325072e-02 1.43713146e-01 1.04558125e-01
 1.02701859e-04 4.26046783e-03 8.12030088e-09 9.99994993e-01
 1.05506994e-01 1.52133659e-01]
8 [2.8638620e-02 7.0145815e-03 9.1755942e-02 1.0417175e-01 8.5038180e-03
 2.0063791e-02 3.3786651e-04 2.2828068e-01 9.1529310e-01 6.3613720e-02]
9 [2.92265625e-03 5.65171614e-03 4.55132127e-02 1.08002715e-01
 2.19995044e-02 2.96304226e-02 1.91185958e-04 2.32240379e-01
 9.35069919e-02 9.19098377e-01]
